489233.9837407934,2968282.3684300147,130.4887
489233.98407230346,2968282.3687989204,130.4892
489233.9839068636,2968282.3689836566,130.4863
489233.983575196,2968282.368430156,130.4885
489233.9844031844,2968282.368429449,130.487
489233.9837407934,2968282.3684300147,130.4898
489233.9845690983,2968282.368798496,130.4889
489233.9852311753,2968282.368428742,130.4879
489233.9845678375,2968282.3673217394,130.4876
489233.9830768252,2968282.366584633,130.4885
489233.9834084954,2968282.367138135,130.4855
489233.9835742504,2968282.3673225874,130.4848
489233.9830769828,2968282.3667692286,130.4853
489233.9839056029,2968282.3675069,130.4853
489233.98291233095,2968282.3678769376,130.4876
489233.98274704744,2968282.368246267,130.4883
489233.98274673225,2968282.367877079,130.487
489233.9827465747,2968282.3676924836,130.4881
489233.9830776132,2968282.3675076067,130.4822
489233.9853970867,2968282.368797789,130.4815
489233.9845683103,2968282.367875524,130.4853
489233.9842367977,2968282.367506617,130.486
489233.9839059181,2968282.3678760896,130.485
489233.9844030268,2968282.368244854,130.4879
489233.984403342,2968282.368614043,130.4851
489233.98407261865,2968282.3691681097,130.4862
489233.98490076594,2968282.3693519966,130.4832
489233.98539882025,2968282.3708283305,130.4832
489233.982911543,2968282.366953965,130.4815
489233.98390607565,2968282.368060684,130.4854
489233.9853966139,2968282.368244005,130.4837
489233.98390576045,2968282.3676914936,130.487
489233.98655690416,2968282.3695351784,130.4846
489233.9847340653,2968282.3680599774,130.4851
489233.98390607565,2968282.368060684,130.4873
489233.98556315945,2968282.3693514313,130.4857
489233.984402554,2968282.36769107,130.4885
489233.9847340653,2968282.3680599774,130.4864
489233.9847345381,2968282.368613761,130.486
489233.98407198826,2968282.3684297316,130.4859
489233.9847340653,2968282.3680599774,130.486
489233.9842372705,2968282.368060401,130.4852
489233.9844036572,2968282.3689832324,130.4856
489233.9837412662,2968282.368983798,130.4878
489233.98407230346,2968282.3687989204,130.4875
489233.983741739,2968282.3695375817,130.4874
489233.9837414238,2968282.369168393,130.4873
489233.9839071788,2968282.369352845,130.4857
489233.9857278113,2968282.3682437227,130.4823
489233.98440113565,2968282.366029718,130.4837
489233.98489918996,2968282.367506052,130.4856
489233.98539582593,2968282.3673210326,130.4842
489233.986391463,2968282.3697199146,130.4823
489233.9840708851,2968282.367137569,130.4844
489233.9840710427,2968282.3673221637,130.4846
489233.9857287569,2968282.3693512897,130.4827
489233.9849006083,2968282.369167403,130.4844
489233.98523227853,2968282.369720904,130.4827
489233.98655658896,2968282.369165989,130.4788
489233.9862246036,2968282.3682432985,130.4817
489233.9862258643,2968282.369720056,130.4835
489233.98423664016,2968282.367322022,130.4872
489233.9857287569,2968282.3693512897,130.484
489233.98572907207,2968282.3697204804,130.484
489233.98556284426,2968282.368982243,130.4845
489233.9852329089,2968282.370459282,130.4834
489233.98655674653,2968282.369350583,130.4829
489233.98622554913,2968282.3693508655,130.4842
489233.9844034996,2968282.3687986378,130.4822
489233.98522991454,2968282.3669519858,130.4839
489233.9842371129,2968282.3678758065,130.4857
489233.98473422293,2968282.3682445707,130.4848
489233.98489887477,2968282.3671368626,130.4863
489233.9848996628,2968282.368059836,130.4874
489233.9845684679,2968282.368060118,130.4861
489233.9845681527,2968282.3676909287,130.4892
489233.984402554,2968282.36769107,130.4898
489233.9840710427,2968282.3673221637,130.4885
489233.9848982444,2968282.366398484,130.4854
489233.98456736474,2968282.366767956,130.4853
489233.9844027116,2968282.3678756654,130.4886
489233.98522991454,2968282.3669519858,130.4867
489233.9842375857,2968282.3684295905,130.4865
489233.9844023964,2968282.3675064757,130.4887
489233.9842372705,2968282.368060401,130.4884
489233.9845681527,2968282.3676909287,130.4868
489233.98473327735,2968282.367137004,130.4884
489233.9852311753,2968282.368428742,130.4887
489233.98589325114,2968282.3680589874,130.4841
489233.98523070256,2968282.3678749586,130.4849
489233.98539582593,2968282.3673210326,130.4866
489233.9857274961,2968282.3678745343,130.4883
489233.98556205624,2968282.36805927,130.4847
489233.98523022974,2968282.3673211737,130.4905
489233.98523070256,2968282.3678749586,130.4864
489233.9848996628,2968282.368059836,130.4891
489233.98721976916,2968282.370088396,130.485
489233.9858934087,2968282.368243581,130.4885
489233.9844027116,2968282.3678756654,130.4833
489233.9857262353,2968282.366397777,130.4852
489233.9857268657,2968282.3671361553,130.4855
489233.9855607955,2968282.3665825124,130.4858
489233.9848990324,2968282.3673214563,130.4879
489233.9845681527,2968282.3676909287,130.4838
489233.98506478866,2968282.3675059103,130.4864
489233.98473327735,2968282.367137004,130.4865
489233.98523054493,2968282.367690363,130.485
489233.98489918996,2968282.367506052,130.4899
489233.98522959935,2968282.366582795,130.4856
489233.9878804266,2968282.368057291,130.4803
489233.9857262353,2968282.366397777,130.4847
489233.98556111066,2968282.3669517026,130.4865
489233.9853956683,2968282.3671364384,130.487
489233.9857268657,2968282.3671361553,130.4853
489233.98523022974,2968282.3673211737,130.4897
489233.98672171356,2968282.368612064,130.4841
489233.9868874686,2968282.368796517,130.4834
489233.9848993476,2968282.3676906456,130.4903
489233.9872181932,2968282.36824245,130.4836
489233.98837706255,2968282.367872272,130.4823
489233.9867213984,2968282.368242874,130.4815
489233.9878804266,2968282.368057291,130.4821
489233.98754954565,2968282.3684267625,130.4835
489233.9873837894,2968282.3682423085,130.4841
489233.9880464968,2968282.368610933,130.4831
489233.98738473497,2968282.369349876,130.4839
489233.98705290846,2968282.3686117814,130.4868
489233.98754954565,2968282.3684267625,130.4843
489233.9870536964,2968282.369534754,130.4831
489233.98539582593,2968282.3673210326,130.4843
489233.9857268657,2968282.3671361553,130.4878
489233.9853953531,2968282.366767249,130.4867
489233.98523038736,2968282.367505769,130.4863
489233.9845672071,2968282.3665833604,130.4907
489233.9850635279,2968282.366029153,130.4878
489233.985228969,2968282.365844417,130.4873
489233.9855612683,2968282.367136297,130.4863
489233.98522991454,2968282.3669519858,130.4873
489233.98605916376,2968282.368428035,130.4821
489233.9863903599,2968282.368427752,130.4801
489233.987383159,2968282.367503931,130.4818
489233.9873844198,2968282.3689806876,130.4818
489233.9875497033,2968282.3686113576,130.4807
489233.98771624756,2968282.3697187835,130.4828
489233.987053066,2968282.3687963756,130.4836
489233.9878808994,2968282.3686110745,130.4832
489233.98771593237,2968282.3693495933,130.485
489233.987053066,2968282.3687963756,130.4867
489233.9865553282,2968282.367689232,130.4809
489233.98556111066,2968282.3669517026,130.4822
489233.984898402,2968282.366583078,130.4862
489233.9848982444,2968282.366398484,130.4833
489233.986057903,2968282.3669512784,130.4854
489233.9848993476,2968282.3676906456,130.4853
489233.9850646311,2968282.367321315,130.4837
489233.9853947227,2968282.36602887,130.4865
489233.9850640007,2968282.3665829366,130.4885
489233.9855609531,2968282.366767108,130.4876
489233.98589151754,2968282.366028446,130.484
489233.9888738561,2968282.367871848,130.4801
489233.98870983464,2968282.3697179356,130.4769
489233.98837706255,2968282.367872272,130.4789
489233.9890410295,2968282.369717653,130.4797
489233.98837785056,2968282.3687952445,130.4801
489233.9885443948,2968282.3699026704,130.4811
489233.9885437644,2968282.3691642927,130.4809
489233.98771608993,2968282.369534189,130.4795
489233.98788200255,2968282.369903236,130.4822
489233.9873855229,2968282.37027285,130.4795
489233.987053066,2968282.3687963756,130.4817
489233.9868868382,2968282.368058139,130.4865
489233.98754986085,2968282.3687959514,130.4864
489233.9858937239,2968282.368612771,130.4827
489233.9867213984,2968282.368242874,130.4846
489233.98639020225,2968282.368243157,130.4825
489233.986391463,2968282.3697199146,130.4836
489233.98572891444,2968282.3695358853,130.4866
489233.98622539156,2968282.369166272,130.4863
489233.9842369553,2968282.367691211,130.4863
489233.9845690983,2968282.368798496,130.4864
489233.9845683103,2968282.367875524,130.4856
489233.9844028692,2968282.3680602596,130.4872
489233.9849002932,2968282.3687982135,130.488
489233.9860599517,2968282.369351007,130.4865
489233.9837411086,2968282.368799203,130.4849
489233.9858949847,2968282.370089527,130.4866
489233.9845690983,2968282.368798496,130.4884
489233.98506573425,2968282.368613478,130.4892
489233.98639114783,2968282.369350724,130.4822
489233.9855622139,2968282.3682438633,130.4856
489233.98589388153,2968282.368797365,130.4845
489233.98390576045,2968282.3676914936,130.4848
489233.9832436847,2968282.368061249,130.4864
489233.98390639084,2968282.368429873,130.486
489233.98539787467,2968282.369720763,130.4842
489233.9858949847,2968282.370089527,130.4828
489233.9855636322,2968282.369905215,130.4847
489233.98622539156,2968282.369166272,130.486
489233.9848985596,2968282.3667676733,130.4825
489233.9842369553,2968282.367691211,130.4861
489233.98655485536,2968282.367135449,130.4852
489233.98556205624,2968282.36805927,130.4828
489233.98473327735,2968282.367137004,130.4868
489233.98506494623,2968282.367690504,130.4887
489233.9863903599,2968282.368427752,130.483
489233.9840718307,2968282.368245136,130.4888
489233.9865556434,2968282.368058422,130.4884
489233.98606042453,2968282.369904791,130.4844
489233.9862238156,2968282.367320325,130.4874
489233.98705243564,2968282.3680579974,130.4825
489233.9852292842,2968282.3662136067,130.4881
489233.987217878,2968282.3678732617,130.4828
489233.98539582593,2968282.3673210326,130.485
489233.9853962987,2968282.367874817,130.4859
489233.9857278113,2968282.3682437227,130.4854
489233.9868874686,2968282.368796517,130.4848
489233.9853959835,2968282.367505627,130.4869
489233.9840721459,2968282.368614326,130.4872
489233.9872177204,2968282.3676886666,130.4805
489233.98804523604,2968282.367134176,130.4801
489233.9872174052,2968282.3673194773,130.4836
489233.9870516477,2968282.367135024,130.4845
489233.987383159,2968282.367503931,130.4835
489233.9873834742,2968282.3678731206,130.4852
489233.9877149868,2968282.368242026,130.4821
489233.9860582182,2968282.367320467,130.4847
489233.98705227807,2968282.3678734032,130.4869
489233.9868877838,2968282.3691657064,130.483
489233.98639051744,2968282.368612347,130.4811
489233.98655611614,2968282.3686122056,130.4802
489233.9872185084,2968282.36861164,130.4854
489233.98605947895,2968282.368797224,130.4859
489233.9847340653,2968282.3680599774,130.4866
489233.9847343805,2968282.3684291663,130.4882
489233.9845684679,2968282.368060118,130.49
489233.9857281265,2968282.3686129125,130.4874
489233.9847346957,2968282.3687983546,130.4905
489233.9865570617,2968282.369719773,130.4873
489233.98506541905,2968282.368244288,130.4864
489233.9870519629,2968282.3675042135,130.4856
489233.9865546978,2968282.3669508547,130.4872
489233.98655643134,2968282.368981395,130.486
489233.98705212044,2968282.3676888077,130.4825
489233.9862233428,2968282.366766542,130.486
489233.986721556,2968282.36842747,130.4857
489233.9857268657,2968282.3671361553,130.4874
489233.98473359254,2968282.3675061925,130.4889
489233.9865556434,2968282.368058422,130.486
489233.98605884856,2968282.368058846,130.4837
489233.98506447347,2968282.367136721,130.4843
489233.9848996628,2968282.368059836,130.4878
489233.9837400054,2968282.3675070414,130.485
489233.9867212408,2968282.3680582806,130.4844
489233.98556284426,2968282.368982243,130.4863
489233.9868868382,2968282.368058139,130.481
489233.9839062333,2968282.3682452776,130.4877
489233.98622554913,2968282.3693508655,130.4838
489233.986225234,2968282.368981677,130.4826
489233.98589325114,2968282.3680589874,130.4812
489233.9848982444,2968282.366398484,130.483
489233.98622539156,2968282.369166272,130.4832
489233.98523070256,2968282.3678749586,130.486
489233.98556268663,2968282.368797648,130.4837
489233.9867212408,2968282.3680582806,130.4821
489233.98622507637,2968282.3687970825,130.4814
489233.9858943543,2968282.3693511486,130.4835
489233.98639099026,2968282.3691661307,130.4831
489233.98622507637,2968282.3687970825,130.4855
489233.9863897295,2968282.3676893734,130.4809
489233.98622507637,2968282.3687970825,130.4819
489233.9863895719,2968282.3675047792,130.4855
489233.98688731104,2968282.3686119225,130.4811
489233.98622507637,2968282.3687970825,130.484
489233.98556268663,2968282.368797648,130.4797
489233.9842377433,2968282.3686141847,130.4851
489233.9839049725,2968282.3667685213,130.4867
489233.98572859925,2968282.369166696,130.4841
489233.9860596365,2968282.3689818187,130.4855
489233.9862247612,2968282.3684278936,130.4827
489233.98456736474,2968282.366767956,130.4842
489233.98423664016,2968282.367322022,130.4879
489233.9834083378,2968282.3669535406,130.4887
489233.9835739352,2968282.366953399,130.4875
489233.9840712003,2968282.3675067583,130.485
489233.9832432119,2968282.367507465,130.4873
489233.9853967715,2968282.368428601,130.4884
489233.9842369553,2968282.367691211,130.4862
489233.9832430543,2968282.3673228705,130.4889
489233.9857278113,2968282.3682437227,130.4831
489233.9850640007,2968282.3665829366,130.4872
489233.9840713579,2968282.3676913525,130.4881
489233.9862238156,2968282.367320325,130.4918
489233.9840710427,2968282.3673221637,130.4875
489233.98506494623,2968282.367690504,130.4919
489233.98456673435,2968282.366029577,130.4929
489233.98390576045,2968282.3676914936,130.4907
489233.9850658918,2968282.368798072,130.4895
489233.98490013555,2968282.3686136194,130.4892
489233.98390576045,2968282.3676914936,130.491
489233.9855630018,2968282.3691668375,130.4803
489233.98605916376,2968282.368428035,130.4855
489233.9844023964,2968282.3675064757,130.485
489233.9853967715,2968282.368428601,130.4865
489233.98639083264,2968282.3689815365,130.4838
489233.9858941967,2968282.369166555,130.4845
489233.9857284417,2968282.3689821013,130.485
489233.9857284417,2968282.3689821013,130.4857
489233.98506604944,2968282.368982667,130.4843
489233.9872183508,2968282.3684270456,130.4804
489233.9860593213,2968282.36861263,130.4815
489233.98605869093,2968282.367874251,130.4796
489233.9857281265,2968282.3686129125,130.4806
489233.9853969291,2968282.368613195,130.4859
489233.98639051744,2968282.368612347,130.4827
489233.98605947895,2968282.368797224,130.4825
489233.9858940391,2968282.36898196,130.4862
489233.9853970867,2968282.368797789,130.4846
489233.98556347465,2968282.3697206215,130.4842
489233.98589293595,2968282.3676897977,130.4829
489233.9863903599,2968282.368427752,130.4816
489233.98622539156,2968282.369166272,130.4824
489233.9862258643,2968282.369720056,130.4809
489233.98622507637,2968282.3687970825,130.4813
489233.9862249188,2968282.3686124883,130.4865
489233.9858956151,2968282.3708279063,130.4794
489233.98688888695,2968282.370457868,130.4819
489233.98622633715,2968282.3702738397,130.4841
489233.98705448443,2968282.3704577265,130.4826
489233.9840707275,2968282.3669529753,130.4852
489233.9835739352,2968282.366953399,130.4868
489233.98423600977,2968282.366583643,130.4864
489233.98423632496,2968282.3669528337,130.4883
489233.9845684679,2968282.368060118,130.4854
489233.986888099,2968282.3695348958,130.4818
489233.9853974019,2968282.3691669786,130.4837
489233.98622570676,2968282.3695354615,130.4858
489233.9844031844,2968282.368429449,130.4886
489233.9840727763,2968282.369352704,130.4881
489233.98655580095,2968282.3682430154,130.4805
489233.98655643134,2968282.368981395,130.4815
489233.9863903599,2968282.368427752,130.4846
489233.9845684679,2968282.368060118,130.4854
489233.9847340653,2968282.3680599774,130.4836
489233.9867218712,2968282.3687966582,130.4812
489233.98622539156,2968282.369166272,130.4833
489233.9865576921,2968282.3704581507,130.4809
489233.98672265915,2968282.369719632,130.4823
489233.986391463,2968282.3697199146,130.4834
489233.9857282841,2968282.3687975067,130.4839
489233.9845692559,2968282.3689830913,130.4814
489233.9857287569,2968282.3693512897,130.483
489233.98605979414,2968282.3691664133,130.4797
489233.9832446303,2968282.369168817,130.4838
489233.9844036572,2968282.3689832324,130.4852
489233.98407198826,2968282.3684297316,130.4849
489233.985066995,2968282.3700902346,130.4827
489233.98539913545,2968282.3711975194,130.4834
489233.98573064804,2968282.371566425,130.4808
489233.9867218712,2968282.3687966582,130.478
489233.9860608973,2968282.3704585745,130.4806
489233.9858949847,2968282.370089527,130.4796
489233.9845684679,2968282.368060118,130.4823
489233.9853972443,2968282.3689823844,130.4828
489233.9867225016,2968282.369535037,130.4815
489233.9845684679,2968282.368060118,130.4876
489233.9855636322,2968282.369905215,130.4837
489233.9868882566,2968282.3697194904,130.4814
489233.98556315945,2968282.3693514313,130.4825
489233.9858943543,2968282.3693511486,130.4817
489233.98639083264,2968282.3689815365,130.4807
489233.9844022388,2968282.3673218805,130.4823
489233.9855636322,2968282.369905215,130.4823
489233.98605979414,2968282.3691664133,130.4812
489233.98572796886,2968282.368428318,130.4816
489233.98556378984,2968282.3700898103,130.4825
489233.9860610549,2968282.3706431706,130.4827
489233.9857287569,2968282.3693512897,130.4843
489233.98572970246,2968282.3704588576,130.4826
489233.98639067507,2968282.368796941,130.4779
489233.98672202876,2968282.3689812534,130.4768
489233.98721945396,2968282.369719208,130.48
489233.9877156172,2968282.3689804054,130.4823
489233.9845683103,2968282.367875524,130.4824
489233.98639114783,2968282.369350724,130.4815
489233.9878821602,2968282.370087831,130.4793
489233.98523101775,2968282.3682441465,130.4825
489233.98705416924,2968282.3700885377,130.4827
489233.986888099,2968282.3695348958,130.4849
489233.98639130546,2968282.36953532,130.4774
489233.9875497033,2968282.3686113576,130.479
489233.98705322365,2968282.3689809707,130.4797
489233.987218666,2968282.368796234,130.4779
489233.987053066,2968282.3687963756,130.4807
489233.986721556,2968282.36842747,130.4806
489233.98688857176,2968282.3700886793,130.4801
489233.9872189812,2968282.369165424,130.4802
489233.9877165627,2968282.3700879724,130.4824
489233.986225234,2968282.368981677,130.4833
489233.9855618987,2968282.367874676,130.4827
489233.9877165627,2968282.3700879724,130.4774
489233.9880474424,2968282.369718501,130.4806
489233.9860599517,2968282.369351007,130.4836
489233.9857273385,2968282.3676899388,130.4855
489233.9853970867,2968282.368797789,130.4863
489233.98688888695,2968282.370457868,130.4804
489233.9872205572,2968282.3710113694,130.48
489233.9853974019,2968282.3691669786,130.485
489233.9862264947,2968282.3704584334,130.4838
489233.9845686255,2968282.3682447122,130.4856
489233.9865559586,2968282.3684276114,130.4821
489233.9842377433,2968282.3686141847,130.4831
489233.98423916165,2968282.3702755366,130.4826
489233.9842382161,2968282.369167968,130.4905
489233.98457004386,2968282.3699060637,130.4821
489233.9870540116,2968282.369903943,130.4823
489233.9849023419,2968282.3711979436,130.4853
489233.9858956151,2968282.3708279063,130.4814
489233.98672439274,2968282.371750171,130.4782
489233.98639083264,2968282.3689815365,130.4784
489233.98523196334,2968282.3693517135,130.4791
489233.9883787961,2968282.369902812,130.4745
489233.9878808994,2968282.3686110745,130.4759
489233.98755127925,2968282.3704573023,130.4757
489233.9877173507,2968282.371010945,130.474
489233.9877165627,2968282.3700879724,130.4728
489233.9888755897,2968282.3699023877,130.4733
489233.987881845,2968282.3697186424,130.4755
489233.9888749593,2968282.36916401,130.4713
489233.9880477576,2968282.3700876897,130.4743
489233.98837753537,2968282.368426056,130.4742
489233.98821288225,2968282.3695337647,130.4765
489233.9875497033,2968282.3686113576,130.4763
489233.9855642626,2968282.3706435943,130.4786
489233.9860608973,2968282.3704585745,130.481
489233.98705290846,2968282.3686117814,130.4784
489233.9883791113,2968282.370272002,130.4787
489233.98937159526,2968282.368978991,130.4765
489233.988543922,2968282.3693488864,130.4756
489233.98937128007,2968282.3686098023,130.4711
489233.98771577474,2968282.3691649996,130.474
489233.9877167203,2968282.3702725675,130.4784
489233.98804823036,2968282.3706414737,130.4754
489233.98655721935,2968282.3699043673,130.4782
489233.9873852077,2968282.36990366,130.4794
489233.9878832633,2968282.3713799925,130.4773
489233.9877168779,2968282.370457161,130.4757
489233.9873855229,2968282.37027285,130.4817
489233.98721976916,2968282.370088396,130.4795
489233.9868882566,2968282.3697194904,130.4755
489233.987715302,2968282.368611216,130.4745
489233.9858927783,2968282.367505203,130.4763
489233.9870533812,2968282.369165565,130.4752
489233.9878815298,2968282.3693494517,130.4771
489233.9877165627,2968282.3700879724,130.4776
489233.98705322365,2968282.3689809707,130.477
489233.9875514368,2968282.370641898,130.4755
489233.9865576921,2968282.3704581507,130.4786
489233.9875508064,2968282.369903519,130.4764
489233.98754986085,2968282.3687959514,130.4747
489233.98771593237,2968282.3693495933,130.4739
489233.98738599574,2968282.3708266336,130.4746
489233.9872196116,2968282.3699038015,130.4742
489233.9885458132,2968282.371564022,130.475
489233.98854597076,2968282.371748616,130.4738
489233.98821319744,2968282.3699029535,130.477
489233.98821256706,2968282.3691645754,130.4741
489233.98854471,2968282.3702718606,130.4739
489233.98854565556,2968282.371379427,130.4734
489233.98920662695,2968282.3697175113,130.4707
489233.98870967707,2968282.3695333404,130.4728
489233.9883780081,2968282.3689798396,130.4748
489233.98920851806,2968282.371932646,130.471
489233.9890410295,2968282.369717653,130.4741
489233.9888755897,2968282.3699023877,130.4735
489233.9887106226,2968282.3706409084,130.4779
489233.9887123562,2968282.3726714486,130.4729
489233.98887653527,2968282.371009955,130.4738
489233.98904197506,2968282.37082522,130.4766
489233.9880472848,2968282.3695339058,130.4702
489233.98854471,2968282.3702718606,130.4706
489233.98854565556,2968282.371379427,130.4714
489233.98722150276,2968282.372118937,130.473
489233.98871219857,2968282.372486853,130.4741
489233.98970499897,2968282.3715630323,130.4724
489233.9897040534,2968282.3704554643,130.4729
489233.9880504367,2968282.373225797,130.4703
489233.98821603414,2968282.3732256554,130.4751
489233.9885461284,2968282.371933211,130.4755
489233.9885450252,2968282.37064105,130.4706
489233.9897037382,2968282.3700862755,130.4752
489233.99020100327,2968282.370639636,130.4754
489233.9888749593,2968282.36916401,130.4754
489233.98821240943,2968282.368979981,130.4748
489233.9888759049,2968282.370271578,130.4729
489233.988710465,2968282.370456313,130.4729
489233.98871014983,2968282.3700871244,130.4747
489233.9893726984,2968282.3702711533,130.4728
489233.9893725408,2968282.3700865586,130.4751
489233.9887093619,2968282.3691641516,130.4717
489233.9893725408,2968282.3700865586,130.4711
489233.98920694215,2968282.3700867,130.4715
489233.98904197506,2968282.37082522,130.4715
489233.9890421327,2968282.3710098146,130.4707
489233.98920583894,2968282.3687945376,130.473
489233.98887637764,2968282.3708253615,130.473
489233.98904197506,2968282.37082522,130.4714
489233.9897043686,2968282.3708246546,130.4727
489233.9895387699,2968282.370824796,130.4721
489233.98870999226,2968282.369902529,130.4735
489233.98771545955,2968282.36879581,130.4766
489233.98771608993,2968282.369534189,130.4723
489233.98821193667,2968282.368426197,130.477
489233.98771608993,2968282.369534189,130.4753
489233.98572891444,2968282.3695358853,130.4761
489233.9868871534,2968282.3684273283,130.4811
489233.98638988705,2968282.3678739686,130.4797
489233.986224446,2968282.368058705,130.4821
489233.9860596365,2968282.3689818187,130.4811
489233.9850655766,2968282.368428883,130.4784
489233.98755127925,2968282.3704573023,130.4764
489233.9880477576,2968282.3700876897,130.4753
489233.9882135126,2968282.3702721433,130.4789
489233.988048388,2968282.3708260683,130.4761
489233.9887107802,2968282.370825503,130.4749
489233.988545498,2968282.3711948334,130.4738
489233.9890421327,2968282.3710098146,130.4734
489233.9887109378,2968282.3710100967,130.4721
489233.9890415023,2968282.3702714364,130.4728
489233.9887103074,2968282.370271719,130.4707
489233.9890402415,2968282.3687946787,130.4713
489233.98953735153,2968282.3691634443,130.4682
489233.9883784809,2968282.369533623,130.4718
489233.98821414297,2968282.371010521,130.4717
489233.9926843432,2968282.369899136,130.4712
489233.9902017913,2968282.3715626085,130.4732
489233.99053377664,2968282.372485298,130.4754
489233.9908627651,2968282.3699006913,130.476
489233.9893725408,2968282.3700865586,130.4726
489233.9885434492,2968282.3687951034,130.4711
489233.98937049205,2968282.367686828,130.4701
489233.98821209423,2968282.368610792,130.4729
489233.9885436068,2968282.368979698,130.4747
489233.9883780081,2968282.3689798396,130.4738
489233.988543922,2968282.3693488864,130.4722
489233.9887087315,2968282.368425773,130.4719
489233.98870983464,2968282.3697179356,130.4761
489233.988213355,2968282.370087548,130.4726
489233.9883780081,2968282.3689798396,130.4745
489233.98854313407,2968282.3684259146,130.4725
489233.9888749593,2968282.36916401,130.4733
489233.9882127246,2968282.369349169,130.4739
489233.9877164051,2968282.3699033773,130.4737
489233.98854329163,2968282.3686105087,130.4746
489233.98755049123,2968282.3695343304,130.4755
489233.98887543206,2968282.369717794,130.4752
489233.9875520672,2968282.371380275,130.4749
489233.98804823036,2968282.3706414737,130.476
489233.9883780081,2968282.3689798396,130.4792
489233.9885450252,2968282.37064105,130.468
489233.9883795841,2968282.3708257857,130.4726
489233.9893731712,2968282.3708249372,130.4723
489233.98837974167,2968282.3710103794,130.4726
489233.9868890446,2968282.370642463,130.4736
489233.9887110954,2968282.371194692,130.4733
489233.9863917782,2968282.3700891035,130.4774
489233.98804964876,2968282.3723028237,130.4742
489233.98937411676,2968282.3719325042,130.4705
489233.9883805297,2968282.3719333527,130.4749
489233.98655690416,2968282.3695351784,130.4752
489233.98788247537,2968282.3704570197,130.472
489233.9882146158,2968282.3715643045,130.4704
489233.9898705964,2968282.3715628907,130.4737
489233.9897040534,2968282.3704554643,130.4736
489233.9885451828,2968282.370825644,130.4753
489233.9887114106,2968282.3715638802,130.4741
489233.98854565556,2968282.371379427,130.4758
489233.9888762201,2968282.370640767,130.4751
489233.98804791516,2968282.3702722844,130.4755
489233.9883784809,2968282.369533623,130.4704
489233.9890408719,2968282.369533058,130.4751
489233.98887543206,2968282.369717794,130.473
489233.9890411871,2968282.369902246,130.4704
489233.98986949323,2968282.3702707295,130.4703
489233.9897035806,2968282.369901681,130.4725
489233.9872183508,2968282.3684270456,130.4744
489233.9883794265,2968282.370641191,130.4736
489233.9873844198,2968282.3689806876,130.4751
489233.9868879414,2968282.3693503,130.4756
489233.9888759049,2968282.370271578,130.4712
489233.9895376667,2968282.3695326336,130.4767
489233.9902014761,2968282.3711934197,130.4747
489233.9895384547,2968282.370455606,130.4742
489233.98804759997,2968282.3699030946,130.475
489233.988545498,2968282.3711948334,130.4736
489233.98804823036,2968282.3706414737,130.476
489233.98721913877,2968282.3693500175,130.4776
489233.98837785056,2968282.3687952445,130.475
489233.98887606245,2968282.370456171,130.4797
489233.9877164051,2968282.3699033773,130.4754
489233.9885445524,2968282.3700872655,130.473
