489226.85565246694,2968274.2405412835,156.84132916666647
489228.6971949791,2968274.2470807284,147.39616183333325
489228.6728902775,2968274.66010171,145.8355128333335
489226.4783961469,2968275.3192717065,155.14064916666666
489227.32544166356,2968274.713714603,155.5274518333333
489226.73879274615,2968275.2092427816,155.54742666666678
489226.91833534726,2968275.1442935644,154.9780085
489226.8719153431,2968275.2895791098,153.11720016666672
489226.7598653406,2968275.8239915995,154.09246099999987
489226.6393723444,2968275.9865834126,153.73900316666672
489227.0629455757,2968275.853097083,154.6725246666668
489227.3795739262,2968275.8676400133,152.62309483333343
489227.46185901103,2968276.2726791147,151.84001583333327
489227.9455054909,2968275.981245947,151.09883066666663
489227.4052362376,2968276.6612713397,150.91409966666643
489228.6509144008,2968275.786519426,146.0557191666669
489231.30036171427,2968273.919061443,134.83478983333322
489230.99513988284,2968274.5675716307,135.87230933333345
489230.55651464534,2968275.2751556113,136.26271383333344
489230.5270343527,2968275.6594722024,136.44426283333326
489230.65098430216,2968275.745451471,136.25989216666676
489230.90186376264,2968275.5727802287,136.59518016666675
489230.7827980967,2968275.784090868,136.12944733333336
489231.68158244033,2968275.229591854,132.30181583333325
489230.96818848886,2968276.180579199,136.59917050000004
489230.7411776891,2968276.319843942,137.46573066666681
489230.501114509,2968275.9314171067,137.08661549999994
489230.5918547537,2968276.131685788,137.38089900000003
489230.28386448236,2968276.288972152,138.6913919999999
489229.76289141667,2968277.987863457,141.63924633333326
489228.55600623926,2968276.971319043,143.34354066666657
489229.86277575436,2968278.493559032,142.1571565000001
489230.16204648395,2968278.0910931057,141.87410649999995
489230.04017151793,2968278.9810867487,142.43968549999994
489230.08896567137,2968279.145068547,142.49401699999993
489230.02424755134,2968279.2883490026,142.87630300000006
489229.32552310196,2968278.806471846,144.0447888333333
489229.37076964654,2968278.96600549,144.36522083333327
489230.2937663196,2968279.724781914,143.52664633333322
489230.29318157403,2968279.724566439,143.52440550000017
489230.29273668776,2968279.7245905125,143.53146399999997
489230.29146726313,2968279.7251019944,143.53377350000005
489230.29272648564,2968279.7271874566,143.5269846666666
489230.2930254488,2968279.726609419,143.5234525
489230.2934926308,2968279.726191837,143.5231185
489230.29307696613,2968279.7258531544,143.5263346666669
489230.2929358911,2968279.7258052817,143.52826483333354
489230.29366298416,2968279.7252967153,143.52901933333334
489230.2944408918,2968279.7257938436,143.5280063333333
489230.29400134104,2968279.725601934,143.52982500000002
489230.2947615982,2968279.7251447174,143.5307581666667
489230.29384337086,2968279.724838462,143.53150266666677
489230.293048337,2968279.7243241216,143.53585449999997
489230.2926344488,2968279.7250966947,143.53564749999995
489230.29173327744,2968279.725693703,143.53424016666662
489230.29314949206,2968279.723519197,143.53520516666677
489229.5233363744,2968280.2140045967,145.87289866666669
489229.3283162674,2968281.1263489737,147.0467955000001
489229.09367277694,2968280.936193783,148.01312916666652
489229.0155831896,2968280.8771972503,148.2224915
489229.01595701475,2968280.877020643,148.22386916666665
489229.01512600156,2968280.877358544,148.2244359999999
489229.0154066808,2968280.8776715007,148.22096833333325
489229.01421913155,2968280.8777472796,148.2187251666667
489229.0134611921,2968280.877040614,148.2216676666666
489229.0122684777,2968280.877531427,148.22299800000016
489229.0130637257,2968280.8786195507,148.2207480000001
489229.0139322077,2968280.8798180562,148.22220766666652
489229.01553549507,2968280.8801671118,148.22181683333343
489229.0161851744,2968280.87982444,148.2194463333333
489229.01527067285,2968280.8796775443,148.21715466666686
489229.01468009275,2968280.88006385,148.21596066666658
489227.442729516,2968277.686225437,136.04425883333326
489226.9573998381,2968277.939890452,136.53167450000015
489226.68865561165,2968277.7629280584,136.88294616666653
489229.11931340414,2968276.9202212677,135.1261174999998
489227.7823861899,2968277.1649690988,135.31631500000006
489226.9216559147,2968277.5673157424,137.09135283333313
489228.4345870289,2968277.2030733894,133.99682216666668
489226.6018090283,2968278.3706647456,136.5626048333334
489226.76732955396,2968277.9464211506,135.74744066666682
489227.1842908955,2968278.0821630466,135.43940966666668
489224.69982238096,2968279.5248293476,140.00469799999996
489225.58321885596,2968279.2562046363,139.15730449999975
489226.7023708753,2968278.9576363773,137.2319523333333
489225.85113751073,2968279.5029446916,138.17738599999996
489227.21911047655,2968279.5948787336,138.8957218333336
489227.5449657506,2968277.081222527,138.49562616666677
489226.7557694576,2968279.3901160774,135.57056533333324
489230.1794087232,2968266.234432805,136.91879000000014
489226.15381776163,2968278.441133685,137.53014966666674
489230.4855825257,2968279.738549172,139.35487416666686
489225.7889596616,2968279.424533997,136.02078933333345
489229.49665280373,2968265.220289341,135.78497016666682
489227.03248483717,2968278.84921596,136.04196016666668
489225.9807328943,2968280.2314504506,135.4080986666668
489224.5253410573,2968285.0250284057,136.17692849999995
489227.99649025727,2968277.305613959,135.09624300000004
489227.9153608074,2968280.1305989595,138.63459833333332
489227.9703862823,2968280.1390042305,138.06694966666683
489229.12230181426,2968274.1744449358,138.66276083333324
489227.3487586292,2968280.710286081,138.00375616666662
489227.2326755944,2968280.764450867,139.66772233333347
489225.4543903805,2968280.9730632575,135.21797833333332
489227.7251064769,2968281.194581995,139.42764900000014
489227.3756535845,2968280.789731729,137.9161870000002
489227.5784941888,2968281.622038745,139.82309633333332
489230.4706117899,2968273.9879634967,133.4196035000001
489227.7270271181,2968280.743577022,137.18192833333347
489227.10003267805,2968280.38710031,136.71918900000003
489227.24942657334,2968280.8436916997,137.56389899999996
489227.19351115194,2968280.214931419,136.19366683333325
489227.5574385832,2968279.5419091107,135.34117616666666
489227.2680815433,2968280.485863839,137.0417081666668
489227.0994851339,2968280.8036196595,137.4092786666667
489227.73352274747,2968280.0488148388,138.47898766666663
489227.70645463705,2968279.8546867804,137.50592450000005
489226.4569040356,2968279.2156752534,134.59936449999987
489227.1590867376,2968279.647421941,134.92317566666662
489227.5945103902,2968280.484247884,137.7353220000001
489227.6226385044,2968280.528073404,137.35487999999995
489227.61998913763,2968280.693089798,137.07136200000008
489228.2499609327,2968279.57247775,135.0519266666666
489228.0729828668,2968279.765662367,135.46442816666658
489228.1777447026,2968279.7550632968,134.74416000000005
489228.7215968905,2968279.516467883,135.1156179999999
489227.9086542647,2968279.9855732173,134.70710416666662
489227.87840907363,2968279.2717710016,132.9283959999999
489227.9995822708,2968279.2033951352,132.8543120000001
489227.7552817618,2968279.205680511,133.00740683333328
489227.8047141447,2968278.9600919425,133.15035216666678
489227.85650933994,2968278.7015794204,131.65399333333332
489227.80268224614,2968278.6405439256,131.13026650000003
489227.630823996,2968279.42499613,133.57995583333343
489227.5380273761,2968280.059031176,137.41242133333333
489227.7445052857,2968279.859379591,134.7812521666667
489227.2451104033,2968280.111162979,139.68090999999987
489227.50744102866,2968279.960370524,138.7571908333333
489227.3526268054,2968279.6383579513,142.09827366666676
489228.5375916351,2968279.29986318,132.02257833333337
489229.7506245566,2968275.877436165,131.26284499999988
489228.81780580344,2968278.5276749292,131.91676366666672
489228.5467554626,2968278.9543685033,130.04356283333343
489227.9765277813,2968278.0843208283,134.23433183333321
489228.2275475333,2968278.628779245,132.6240578333334
489227.05944363604,2968278.5635755872,138.89900666666668
489227.4224373293,2968278.4487229516,137.41611183333325
489227.54954481026,2968278.370744311,137.37003600000003
489228.14128043316,2968277.723450754,138.95137900000012
489227.3503835265,2968278.030649834,136.96214300000005
489226.8093399882,2968279.567261188,135.70085
489226.307811152,2968279.8299767007,135.27732399999996
489226.3523648644,2968279.4986979286,134.33157949999995
489227.21780953615,2968279.0292227934,132.6799099999999
489227.70474346983,2968280.754534028,135.04586466666663
489227.47616644064,2968279.446580714,134.57966000000005
489226.89769001625,2968281.6428197264,137.76450766666667
489227.0210392347,2968281.7213600622,138.5360778333333
489227.12541362026,2968281.4943430135,137.40414499999997
489227.35177392163,2968281.2550807367,136.34904749999998
489226.0742931251,2968282.913441445,143.24616716666662
489226.2486038815,2968288.3297446365,134.21987466666667
489228.80198408006,2968279.791311303,131.72181483333347
489228.0167265782,2968280.4560903953,132.98220316666652
489226.9222346273,2968281.929668372,139.29920433333328
489226.5780829111,2968282.2675768663,141.4221390000002
489226.83045772195,2968282.0579714733,141.08408149999983
489228.42968785285,2968280.329325982,134.12938016666678
489227.2144933641,2968281.7377210776,141.27220433333352
489227.64560224663,2968281.6633875472,139.60292033333332
489227.31987106544,2968280.377181291,137.77825283333326
489227.9455328633,2968279.8882181393,135.67186016666662
489227.4524274089,2968280.647939559,137.67929833333346
489227.70225574035,2968280.6988634854,137.92117799999983
489227.9103113812,2968280.523609987,137.4875691666667
489228.8092062982,2968279.8313514013,134.69123300000018
489227.9963374877,2968280.23648589,136.75476283333336
489228.3031752929,2968280.9851466627,137.41903033333327
489228.68975066533,2968281.124923536,137.49152616666652
489228.7059775023,2968281.183275446,137.65381950000005
489229.2213195503,2968280.961940321,137.52916149999996
489229.25204659253,2968280.912550375,137.5617523333334
489229.1237180559,2968281.109707449,138.081189
489229.47427099827,2968281.323984005,138.0885185000001
489229.91627002426,2968280.673876824,138.32907899999998
489229.671684001,2968281.278344493,137.45581550000009
489229.686583191,2968281.5628008246,137.61421183333343
489229.91919733095,2968281.5853193044,137.76173350000005
489229.95041791955,2968281.649763267,137.8533728333334
489231.2475982581,2968278.099947034,134.1410846666666
489230.4124577363,2968281.8116117218,138.52482266666678
489230.65173651744,2968282.3245649696,139.3036088333333
489230.8408988433,2968282.1279986547,139.51176766666663
489230.6516392673,2968281.9211074742,138.3764765000001
489230.1698797193,2968281.172755716,136.9680436666667
489230.65029958147,2968283.280094555,138.54015549999988
489230.94822129456,2968283.2142348653,138.7762033333333
489231.0845463983,2968283.1878441595,139.3667908333334
489231.20863392623,2968283.155135998,139.17836116666666
489231.2138924381,2968280.605058162,136.0060531666667
489231.08275468927,2968282.1559501947,138.05714349999997
489231.3262714398,2968281.456366729,136.96778666666677
489231.44243715523,2968281.082143282,137.13706399999995
489232.481790874,2968273.7880361984,134.53993999999983
489231.51642570784,2968279.6630687714,136.59690049999992
489231.074449462,2968281.079580321,136.45928516666666
489231.56252567586,2968280.9582835366,136.92587749999993
489233.101501316,2968278.6435196768,138.05779616666678
489231.549195592,2968280.1314379857,133.73600833333322
489231.35528568627,2968278.0505523626,133.06109166666664
489231.4240976804,2968280.042511104,135.3496236666667
489231.4898207404,2968281.030188042,136.4761173333332
489231.9816477879,2968281.6512424354,136.4919653333334
489232.17565387907,2968283.7510864716,141.14067349999982
489231.8263555605,2968281.85991938,138.17263549999979
489231.77321362915,2968281.126068498,138.09725500000002
489231.8063438377,2968280.520797541,137.10270800000006
489231.7428277709,2968280.065893812,135.97037300000002
489231.66288100195,2968279.9577905037,136.69322600000004
489231.5695358801,2968279.9524108376,135.10079150000007
489232.06879542075,2968281.020037184,137.77481966666673
489232.20370726916,2968280.3889541905,136.19069183333337
489231.81934652466,2968280.3914618506,136.57871883333337
489231.8316348711,2968279.2590821926,134.732849
489231.8649615474,2968278.7623146,133.04114250000012
489231.90077209147,2968278.765515045,134.20353716666648
489231.72134610283,2968279.7550540604,134.64573633333328
489232.0376723215,2968281.374543744,138.52444083333341
489232.2218268457,2968280.1970251338,134.5699188333334
489232.01623556035,2968280.771002578,137.54015616666658
489231.99845457583,2968280.001191367,136.48951200000002
489232.3148885912,2968279.1552282018,135.41750750000003
489232.4748170293,2968278.3307585027,135.14755933333322
489232.0004887762,2968278.4859495056,134.01778766666658
489231.8689865296,2968281.994511888,139.1556571666666
489231.2791622312,2968278.98083594,133.5742116666666
489231.70351157297,2968279.5382332657,132.82015083333334
489231.913519636,2968278.9443056737,132.79620116666675
489231.72142726847,2968280.623982798,136.11521116666677
489232.02059556235,2968280.125165334,135.2572036666665
489231.8048209568,2968277.531001104,128.75457666666662
489232.0042835641,2968280.225640627,134.34224066666658
489232.185718487,2968282.3186813933,139.94305383333338
489239.98204662383,2968254.6641180306,140.04645650000006
489233.56602907775,2968272.897010254,128.21384449999996
489233.4721446313,2968272.7924103932,126.7440266666665
489234.7568617494,2968271.7115532854,137.501384
489231.7926676577,2968281.2191565232,135.18952200000004
489231.8286695943,2968281.1801566076,135.33789983333327
489231.898975914,2968280.664621692,135.22278199999982
489232.763454101,2968277.157937799,132.55803266666652
489232.0350308265,2968280.7694522245,134.96025216666666
489231.8385002845,2968281.1510133245,133.7604671666667
489231.77690494567,2968280.9683608455,132.6882604999999
489231.8663794996,2968278.7704580035,131.3401899999999
489232.2930588778,2968281.0008970243,135.15772100000004
489231.8634319502,2968279.382106476,130.22907216666673
489232.0251124327,2968281.4218054693,135.00738100000004
489231.85276769014,2968279.255383928,128.29977433333335
489231.90880296926,2968279.848705919,127.85999150000008
489231.8666640386,2968279.9527674853,127.25186966666664
489231.78130105825,2968279.3713892,128.59384016666684
489231.85300262185,2968279.8184834244,126.40753816666665
489231.8600757281,2968279.837066069,126.30903583333333
489231.9537512997,2968279.949597156,125.97820716666669
489231.9259311966,2968279.842083731,125.70182333333342
489232.17880086094,2968279.706970299,125.68125733333322
489232.04988349526,2968281.135827424,127.97026050000008
489231.81076756853,2968281.045598045,127.86109533333344
489231.8565042064,2968281.296205997,126.96743583333323
489231.77224904526,2968281.140444323,126.44785433333335
489231.35529043304,2968282.8226978253,129.08541533333357
489231.4586783622,2968282.5674787327,129.66211366666664
489231.55173528404,2968282.653033986,129.17990599999987
489231.6801542859,2968282.480670079,129.69781483333338
489231.9241777566,2968281.4875033894,128.045151
489231.76250925503,2968282.6167598893,129.1950045
489231.7500403134,2968280.8165038736,126.54432516666662
489231.5284655804,2968281.677408676,127.06734749999995
489231.5604472194,2968282.9088071245,127.62089216666669
489231.61965120933,2968282.8731682454,127.45675783333334
489231.620920013,2968282.8748395946,127.4602861666666
489231.62176187424,2968282.873630394,127.4599805
489231.62196552753,2968282.872945986,127.46060566666677
489231.62128814124,2968282.8721931134,127.46044466666672
489231.6230017097,2968282.872082123,127.47435933333324
489231.6265294393,2968282.8736266303,127.47973699999987
489231.6275665322,2968282.873506067,127.48316466666675
489231.6331555608,2968282.8846062045,127.49037266666666
489231.6267313714,2968282.875128138,127.48104166666674
489231.6252837745,2968282.875782529,127.48047633333343
489231.627143853,2968282.8879008144,127.38351300000002
489231.62167838437,2968282.873467094,127.45749450000005
489231.6227373388,2968282.8734145095,127.45619633333311
489231.6220766039,2968282.8724462558,127.4581014999999
489231.78265197633,2968282.907246765,128.96384933333337
489231.9479061434,2968283.4641583343,131.3400753333333
489231.8661042484,2968283.5578333954,131.88011050000011
489232.1402978117,2968283.8512140657,131.7273133333332
489232.42393697856,2968283.05776503,130.33486616666664
489232.2866799843,2968281.4374566553,128.51767049999998
489232.14346933056,2968283.9194630994,130.9415086666667
489232.14218781295,2968283.921327059,130.9403055000002
489232.1482986469,2968283.9316579173,130.88595199999992
489232.18998995185,2968283.949191734,130.69316566666672
489232.1492461821,2968283.9294404294,130.90074083333332
489232.199055638,2968283.958588787,130.73294333333342
489233.07091122615,2968283.9664880037,129.8239453333334
489233.1805882242,2968281.497549045,128.19015616666655
489233.2311589289,2968282.7955333996,128.5507624999999
489234.1133743713,2968279.381110875,128.7812626666665
489233.2311544747,2968282.569195369,128.55993249999997
489232.99998989434,2968282.1436142772,128.88008549999995
489232.86368941603,2968282.521403122,129.92344649999987
489233.1770019396,2968283.7496552397,129.44112083333331
489233.3323260463,2968283.28486605,129.7855138333333
489233.5459591081,2968282.0978519735,127.65607000000008
489233.39688186644,2968282.2888006466,128.55462150000002
489233.5436524527,2968283.2190489722,129.62490550000015
489233.3511727944,2968281.769811345,129.5439633333334
489233.38202299504,2968280.8389255814,128.78326399999997
489233.3977595867,2968282.8581096665,130.33121516666662
489233.47267716867,2968282.7038171305,130.14733683333336
489233.27434609644,2968282.4399471134,130.40395866666657
489233.2966946299,2968282.465127983,130.30532516666665
489233.67080528685,2968282.480415441,130.04197033333335
489233.7103223798,2968282.7123781797,129.60349333333335
489233.7049695782,2968282.5981238503,129.78493916666665
489233.71444720903,2968282.3998438166,130.32345399999997
489233.56302127073,2968281.694766244,130.18831049999983
489233.7882910759,2968282.3925311207,130.45612483333335
489233.8759385262,2968282.3708550185,130.54046916666658
489233.6056461108,2968279.7275237394,127.55394049999998
489233.69376986485,2968281.9014271423,131.7609591666667
489233.5949305995,2968281.935868293,132.1952991666667
489233.9850566782,2968282.367704359,130.48118166666666
489233.9845431568,2968282.3675085106,130.48492533333342
489233.98642417265,2968282.368915975,130.4814986666668
